================================================================================
CRYPTO TRADING SIGNAL TRACKER - FINAL ANALYSIS REPORT
================================================================================

THRESHOLD TESTING RESULTS
--------------------------------------------------------------------------------
   buy_threshold  sell_threshold   final_value  return_pct  num_buys  num_sells  total_trades
0             20              65  10000.000000    0.000000         0          0             0
1             20              70  10000.000000    0.000000         0          0             0
2             20              75  10000.000000    0.000000         0          0             0
3             25              65   9995.786295   -0.042137         1          0             1
4             25              70   9995.786295   -0.042137         1          0             1
5             25              75   9995.786295   -0.042137         1          0             1
6             30              65   9788.401289   -2.115987         1          0             1
7             30              70   9788.401289   -2.115987         1          0             1
8             30              75   9788.401289   -2.115987         1          0             1

BUY-AND-HOLD BASELINE
--------------------------------------------------------------------------------
strategy: Buy-and-Hold
entry_price: 122250.15186842805
exit_price: 110806.40640515368
starting_capital: 10000
final_value: 9063.907464459373
total_return: -936.0925355406271
return_pct: -9.36092535540627
